107
6573
6539
6504
6497
6477
6452
6439
6400
6361
6346
6326
6302
6283
6174
6165
6149
6138
6110
6086
6070
6056
6003
5978
5967
5936
5802
5764
5692
5643
5609
5590
5568
5546
5527
5507
5471
5450
5424
5387
5375
5333
5324
5284
5268
5265
5132
5126
5114
5101
4968
4954
4921
4904
4880
4874
4862
4859
4775
4762
4756
4741
4720
4713
4655
4617
4598
4581
4573
4523
4481
4443
4425
4419
4403
4278
4266
4257
4246
4243
4236
4228
4208
4193
4180
4161
4146
4126
4084
4071
4053
4044
4043
4000
3978
3953
3954
3949
3925
3919
3892
3868
3859
3847
3839
3824
3797
3772
3763
3726
3673
3622
3615
3562
3490
3486
3481
3470
3448
3438
3432
3427
3422
3399
3363
3225
3218
3193
3185
3160
3157
3125
3106
3081
3063
3040
3025
3017
2989
2974
2955
2930
2899
2888
2855
2819
2809
2769
2733
2678
2650
2617
2589
2561
2540
2496
2472
2418
2379
2348
2324
2306
2288
2249
2187
2098
2096
2100
1998
1923
1900
1861
1827
1806
1772
1689
1669
1639
1599
1571
1570
1440
1425
1226
1108
837